Run 1:
A:
[[37 67 93]]
[[80 84 59]]
[[93 58 42]]


P:
[1 0 0]
[0 0 1]
[0 1 0]


Q:
[0 1 0]
[0 0 1]
[1 0 0]


L:
[1 0 0]
[14/31 1 0]
[59/93 5257/7095 1]


U:
[93 37 67]
[0 2365/31 860/31]
[0 0 691/33]


Product of PAQ:
[[93 37 67]]
[[42 93 58]]
[[59 80 84]]


Product of LU:
[93 37 67]
[42 93 58]
[59 80 84]


Run 2:
A:
[[52 14 21]]
[[49 44 12]]
[[58 33 58]]


P:
[0 0 1]
[0 1 0]
[1 0 0]


Q:
[1 0 0]
[0 1 0]
[0 0 1]


L:
[1 0 0]
[49/58 1 0]
[26/29 -904/935 1]


U:
[58 33 58]
[0 935/58 -37]
[0 0 -62433/935]


Product of PAQ:
[[58 33 58]]
[[49 44 12]]
[[52 14 21]]


Product of LU:
[58 33 58]
[49 44 12]
[52 14 21]


Run 3:
A:
[[77 88 31]]
[[13 95 53]]
[[6 46 29]]


P:
[0 1 0]
[1 0 0]
[0 0 1]


Q:
[0 1 0]
[1 0 0]
[0 0 1]


L:
[1 0 0]
[88/95 1 0]
[46/95 -28/6171 1]


U:
[95 13 53]
[0 6171/95 -1719/95]
[0 0 6695/2057]


Product of PAQ:
[[95 13 53]]
[[88 77 31]]
[[46 6 29]]


Product of LU:
[95 13 53]
[88 77 31]
[46 6 29]


Run 4:
A:
[[56 96 81]]
[[20 95 20]]
[[5 32 11]]


P:
[1 0 0]
[0 0 1]
[0 1 0]


Q:
[0 1 0]
[1 0 0]
[0 0 1]


L:
[1 0 0]
[1/3 1 0]
[95/96 425/164 1]


U:
[96 56 81]
[0 -41/3 -16]
[0 0 -24525/1312]


Product of PAQ:
[[96 56 81]]
[[32 5 11]]
[[95 20 20]]


Product of LU:
[96 56 81]
[32 5 11]
[95 20 20]


Run 5:
A:
[[21 90 44]]
[[81 88 80]]
[[33 95 34]]


P:
[0 0 1]
[0 1 0]
[1 0 0]


Q:
[0 1 0]
[1 0 0]
[0 0 1]


L:
[1 0 0]
[88/95 1 0]
[18/19 -325/1597 1]


U:
[95 33 34]
[0 4791/95 4608/95]
[0 0 34592/1597]


Product of PAQ:
[[95 33 34]]
[[88 81 80]]
[[90 21 44]]


Product of LU:
[95 33 34]
[88 81 80]
[90 21 44]


Run 6:
A:
[[83 3 86]]
[[74 85 62]]
[[34 89 65]]


P:
[0 0 1]
[1 0 0]
[0 1 0]


Q:
[0 0 1]
[1 0 0]
[0 1 0]


L:
[1 0 0]
[3/89 1 0]
[85/89 -7/7459 1]


U:
[89 65 34]
[0 7459/89 7285/89]
[0 0 310331/7459]


Product of PAQ:
[[89 65 34]]
[[3 86 83]]
[[85 62 74]]


Product of LU:
[89 65 34]
[3 86 83]
[85 62 74]


Run 7:
A:
[[86 95 89]]
[[92 75 90]]
[[33 54 66]]


P:
[1 0 0]
[0 1 0]
[0 0 1]


Q:
[0 1 0]
[1 0 0]
[0 0 1]


L:
[1 0 0]
[15/19 1 0]
[54/95 -1509/2290 1]


U:
[95 86 89]
[0 458/19 375/19]
[0 0 65073/2290]


Product of PAQ:
[[95 86 89]]
[[75 92 90]]
[[54 33 66]]


Product of LU:
[95 86 89]
[75 92 90]
[54 33 66]


Run 8:
A:
[[73 80 34]]
[[45 11 58]]
[[12 86 74]]


P:
[0 0 1]
[1 0 0]
[0 1 0]


Q:
[0 1 0]
[1 0 0]
[0 0 1]


L:
[1 0 0]
[40/43 1 0]
[11/86 1869/2659 1]


U:
[86 12 74]
[0 2659/43 -1498/43]
[0 0 194165/2659]


Product of PAQ:
[[86 12 74]]
[[80 73 34]]
[[11 45 58]]


Product of LU:
[86 12 74]
[80 73 34]
[11 45 58]


Run 9:
A:
[[1 80 97]]
[[3 76 28]]
[[36 57 51]]


P:
[1 0 0]
[0 1 0]
[0 0 1]


Q:
[0 0 1]
[0 1 0]
[1 0 0]


L:
[1 0 0]
[28/97 1 0]
[51/97 1449/5132 1]


U:
[97 80 1]
[0 5132/97 263/97]
[0 0 178125/5132]


Product of PAQ:
[[97 80 1]]
[[28 76 3]]
[[51 57 36]]


Product of LU:
[97 80 1]
[28 76 3]
[51 57 36]


Run 10:
A:
[[89 37 1]]
[[50 95 4]]
[[6 25 15]]


P:
[0 1 0]
[1 0 0]
[0 0 1]


Q:
[0 1 0]
[1 0 0]
[0 0 1]


L:
[1 0 0]
[37/95 1 0]
[5/19 -136/1321 1]


U:
[95 50 4]
[0 1321/19 -53/95]
[0 0 91743/6605]


Product of PAQ:
[[95 50 4]]
[[37 89 1]]
[[25 6 15]]


Product of LU:
[95 50 4]
[37 89 1]
[25 6 15]


