Run 1:
A:
[[92 44 50]]
[[59 5 94]]
[[94 4 83]]


L:
[1 0 0]
[46/47 1 0]
[59/94 39/628 1]


U:
[94 4 83]
[0 1884/47 -1468/47]
[0 0 13767/314]


Product of PA:
[[94 4 83]]
[[92 44 50]]
[[59 5 94]]


Product of LU:
[94 4 83]
[92 44 50]
[59 5 94]


Run 2:
A:
[[13 97 96]]
[[87 8 35]]
[[52 93 71]]


L:
[1 0 0]
[13/87 1 0]
[52/87 1535/1667 1]


U:
[87 8 35]
[0 8335/87 7897/87]
[0 0 -55848/1667]


Product of PA:
[[87 8 35]]
[[13 97 96]]
[[52 93 71]]


Product of LU:
[87 8 35]
[13 97 96]
[52 93 71]


Run 3:
A:
[[87 58 12]]
[[80 91 17]]
[[47 9 4]]


L:
[1 0 0]
[80/87 1 0]
[47/87 -67/113 1]


U:
[87 58 12]
[0 113/3 173/29]
[0 0 3455/3277]


Product of PA:
[[87 58 12]]
[[80 91 17]]
[[47 9 4]]


Product of LU:
[87 58 12]
[80 91 17]
[47 9 4]


Run 4:
A:
[[13 47 71]]
[[20 10 67]]
[[84 35 93]]


L:
[1 0 0]
[13/84 1 0]
[5/21 20/499 1]


U:
[84 35 93]
[0 499/12 1585/28]
[0 0 148761/3493]


Product of PA:
[[84 35 93]]
[[13 47 71]]
[[20 10 67]]


Product of LU:
[84 35 93]
[13 47 71]
[20 10 67]


Run 5:
A:
[[31 50 83]]
[[47 51 80]]
[[72 24 93]]


L:
[1 0 0]
[31/72 1 0]
[47/72 106/119 1]


U:
[72 24 93]
[0 119/3 1031/24]
[0 0 -18063/952]


Product of PA:
[[72 24 93]]
[[31 50 83]]
[[47 51 80]]


Product of LU:
[72 24 93]
[31 50 83]
[47 51 80]


Run 6:
A:
[[84 11 62]]
[[66 18 26]]
[[80 15 17]]


L:
[1 0 0]
[11/14 1 0]
[20/21 190/393 1]


U:
[84 11 62]
[0 131/14 -159/7]
[0 0 -12209/393]


Product of PA:
[[84 11 62]]
[[66 18 26]]
[[80 15 17]]


Product of LU:
[84 11 62]
[66 18 26]
[80 15 17]


Run 7:
A:
[[12 91 57]]
[[66 32 13]]
[[46 86 33]]


L:
[1 0 0]
[2/11 1 0]
[23/33 2102/2811 1]


U:
[66 32 13]
[0 937/11 601/11]
[0 0 -47552/2811]


Product of PA:
[[66 32 13]]
[[12 91 57]]
[[46 86 33]]


Product of LU:
[66 32 13]
[12 91 57]
[46 86 33]


Run 8:
A:
[[59 20 87]]
[[31 12 92]]
[[9 85 42]]


L:
[1 0 0]
[9/59 1 0]
[31/59 88/4835 1]


U:
[59 20 87]
[0 4835/59 1695/59]
[0 0 44255/967]


Product of PA:
[[59 20 87]]
[[9 85 42]]
[[31 12 92]]


Product of LU:
[59 20 87]
[9 85 42]
[31 12 92]


Run 9:
A:
[[36 7 17]]
[[87 79 47]]
[[92 16 9]]


L:
[1 0 0]
[87/92 1 0]
[9/23 17/1469 1]


U:
[92 16 9]
[0 1469/23 3541/92]
[0 0 76581/5876]


Product of PA:
[[92 16 9]]
[[87 79 47]]
[[36 7 17]]


Product of LU:
[92 16 9]
[87 79 47]
[36 7 17]


Run 10:
A:
[[85 5 29]]
[[62 36 91]]
[[43 52 57]]


L:
[1 0 0]
[43/85 1 0]
[62/85 550/841 1]


U:
[85 5 29]
[0 841/17 3598/85]
[0 0 177301/4205]


Product of PA:
[[85 5 29]]
[[43 52 57]]
[[62 36 91]]


Product of LU:
[85 5 29]
[43 52 57]
[62 36 91]


